19820
267
46468
55040
13799
6499
18711
58637
17624
37205
41589
29270
3016
49226
16158
17415
14181
64402
5805
11396
8587
3627
4650
62020
30192
29847
55856
55360
50262
9530
60569
4546
9797
41501
59586
23597
48001
12761
16698
89
49966
58287
29359
52982
41977
45517
4861
56158
44383
10667
2018
52970
14294
6668
49454
44486
36516
39774
34311
21242
49304
29344
25788
59102
5310
19838
17163
53311
32599
33861
53400
17029
26612
17223
4475
3053
62740
9336
59211
41587
20003
61230
29021
34297
2362
12940
13248
38878
52714
47559
60120
36483
11367
20372
30049
16677
40210
47212
4452
7273
15537
57852
24302
42149
9539
28777
45202
6743
38114
38877
48330
58117
34571
11816
26879
36934
24756
40127
10276
11934
22150
4861
48417
33517
25233
12930
50195
65444
60142
54647
7181
10143
46964
31484
52292
56503
60261
31958
63247
32839
5300
46041
25421
39871
57857
52300
11269
17077
26891
21546
29012
49041
26407
11893
17022
51640
24824
1681
51548
19430
56329
58730
29574
37757
24678
16330
28724
19403
48289
26435
52243
53589
6941
12128
27924
64798
64428
39194
16340
25783
60740
45352
9288
21611
57245
26310
7715
16533
27992
59264
35964
18785
52458
2
56542
11600
16332
19730
31003
64621
46166
17710
52674
53107
29838
15063
52369
28730
54257
3173
54513
49461
48525
63801
5536
40235
24576
13251
56768
52568
6979
27196
5817
59437
27198
62359
5501
43531
16553
36505
42616
62719
54215
29755
50290
18518
44818
37124
47248
33539
40297
36226
17464
23287
34491
23000
63522
59067
36251
54754
46099
43231
16415
51916
37132
43613
48739
42634
21608
65293
13603
64225
62476
2282
28444
47231
20800
7726
18819
2513
41265
59116
38739
58729
16867
7694
16193
14853
1226
52444
4072
47325
30139
20487
33706
1736
64100
16909
44370
20173
16666
57973
18862
13607
60255
47306
60838
15520
55032
14121
18033
30761
7701
56772
23954
24569
64466
40147
39422
156
27055
43494
47482
57195
63981
15652
58931
62546
32561
37765
17183
49228
30202
36045
62835
24921
17815
58137
40441
7311
6722
58474
38072
14423
49710
62026
38992
48641
36637
12879
48797
63692
56373
30743
55351
54819
46395
48746
51829
13421
20975
3476
62649
51177
39521
59948
10563
57336
52549
51004
64647
59271
43943
37183
8158
28117
33673
47151
11222
4774
60030
60020
2930
50867
25227
58282
40150
6087
41492
26443
19508
62468
29919
16621
48109
3904
11033
58672
61240
63582
44141
60351
57317
22548
31998
65475
50665
135
47090
61888
4909
41584
56372
7840
26916
16063
586
1530
22150
42078
27974
41658
39010
57893
58279
21584
61798
3776
14720
57502
1822
58861
52318
59139
15873
18780
59079
1003
18916
40633
62891
23825
16682
53727
31665
43598
4254
32251
45128
26405
8794
7566
2527
47804
65460
60807
3852
61722
64583
18573
53688
870
11898
40470
60009
27772
59251
53552
28775
12631
28650
26130
36456
45332
14321
2586
23394
18575
34837
2986
44980
43631
10553
47508
25900
10477
42779
29752
6663
41826
48325
60351
42696
60224
35286
37170
22460
29001
25186
51235
41632
53836
11829
12552
33632
26150
15138
57026
44725
49976
60013
24170
28071
5030
6142
53971
15507
48921
18188
22170
25211
977
16985
2372
61201
52271
39542
18125
15736
64728
3824
57368
53029
15653
4385
21125
41803
19523
12616
20993
3963
7093
45163
32035
12123
51305
20470
27630
34690
38658
49800
59901
39636
1249
62273
35301
53521
36279
53427
3721
35472
57251
61090
22965
7369
65475
44090
49172
19462
56706
4629
23426
63799
49792
55461
10386
35561
10395
38016
4715
49054
22280
64617
23154
23530
61354
58455
11515
32098
46346
15236
2034
38062
10790
24999
45431
10729
3553
29067
30192
60260
33697
53618
58523
17953
43543
3374
53515
53938
41390
58230
37456
63671
57311
60610
21665
53130
53530
33180
19692
34340
48416
21726
6866
59207
46725
52297
4400
50278
15829
34592
45002
49526
22674
37990
1943
681
41364
55458
54620
17218
48153
26540
15353
39928
21615
37018
27522
9609
4662
47214
43949
53079
3404
50816
46750
50129
37577
51150
34872
53406
20207
14338
37396
42881
52328
39340
43563
28156
29262
32647
45375
11879
59187
60728
51808
15266
32211
13794
24875
36873
61009
3289
24416
64413
54105
5630
49007
26146
56781
18343
14017
11452
32681
51413
54333
19474
25217
32360
47630
54480
65007
27469
823
58659
22662
52631
8389
54873
890
33265
26210
61899
36554
50627
60776
25123
56257
44247
51269
47502
62590
65286
58954
29736
51164
47752
49210
10845
14576
31304
65325
14048
58774
613
7171
15900
53244
15560
5237
54134
48825
31447
50497
19843
16538
45738
44966
7260
24449
30700
54762
21504
30450
48181
51240
16078
30397
34914
26924
44973
682
26713
59021
59456
27326
656
9820
15035
16217
15057
3633
65042
46505
54131
19350
63043
34333
64316
4767
58782
29480
59530
14750
59931
42175
454
10473
7036
35368
37397
52009
36051
64111
45495
29971
25901
46151
39792
40936
62368
54849
44570
61875
35818
33165
15689
33326
1962
14469
38093
60744
43950
32087
9959
38345
8726
10413
48818
15762
45782
20680
2236
16297
19255
47731
46268
45156
28346
20524
20557
25179
9838
65127
21518
45656
32756
37207
13446
34718
51676
51540
29926
30090
18091
39885
2899
26818
50299
51718
42580
30545
6862
44816
46842
26117
27011
27574
5737
55358
48099
26294
15001
57937
25885
36519
38057
58641
8190
51504
27823
59866
37508
57750
24421
55599
32099
27320
16881
16862
13502
59462
47407
20364
38742
28713
46481
218
56288
52219
55576
38851
12977
5041
31252
38863
41560
3773
31968
49750
55277
59792
44080
27249
52006
2965
17313
18569
30286
34194
35432
43788
28120
17303
64153
1327
46017
45098
1545
36769
31781
57121
10084
44759
62162
41336
18086
38186
45109
50054
22400
34851
44310
944
62100
30780
3910
13877
49350
34196
48072
19246
12448
10656
36549
11065
11983
17030
56164
13528
53799
22409
5113
63883
1632
1739
39683
19718
39925
19257
4237
62325
54108
48547
63270
50672
13792
1644
64550
63142
35840
47086
16852
48288
57742
53401
59354
4190
4896
49982
17718
58695
6855
22832
57043
8488
24571
31190
28206
64497
50447
32443
61286
39019
15455
59020
24156
29247
60664
23170
26853
30968
4720
43705
13721
62462
31570
7539
1116
36466
